CSR End
120
137
243
273
304
334
365
031
059
090
120
141
212
243
273
304
334
365
013
060
091
121
152
182
213
244
274
305
335
366
031
059
090
120
151
181
212
243
273
304
334
365
031
059
090
120
151
181
212
243
273
304
334
365
031
058
090
120
151
181
212
243
273
304
334
365
031
060
091
121
152
182
213
244
274
305
335
366
031
059
090
120
151
181
212
243
273
304
334
365
031
059
090
120
151
181
212
243
273
304
334
361
059
090
120
151
212
243
273
304
319
011
031
060
091
109
182
213
244
269
335
366
031
057
120
151
181
212
304
334
365
016
090
120
151
175
243
273
304
334
31
059
090
120
131
212
243
270
003
028
060
091
152
182
211
247
345
006
034
104
128
142
179
