CSR Start
095
123
213
244
274
305
335
001
032
060
091
121
182
213
244
274
305
335
001
035
061
092
122
153
183
214
245
275
306
336
001
032
060
091
121
152
182
213
244
274
305
335
001
032
060
091
121
152
182
213
244
274
305
335
001
032
060
091
121
152
182
213
244
274
305
335
001
032
061
092
122
153
183
214
245
275
306
336
001
032
060
091
121
152
182
213
244
274
305
335
001
032
060
091
121
152
182
213
244
274
305
335
039
060
091
121
186
213
244
274
289
347
001
032
061
080
153
183
214
245
311
336
001
032
101
121
152
182
274
305
335
001
062
091
121
152
213
244
274
305
013
032
060
091
102
180
213
244
345
004
029
061
129
153
183
221
319
346
007
076
100
123
143
